V 54
K 1
D 0 -1016000 3810000 0
Y 1
U 3429000 762000 254000 0 2 3 REFDES=PS?
U 3429000 508000 254000 0 2 3 DEVICE=IRS-5_10-Q12P-C
U 3429000 254000 254000 0 2 0 PKG_TYPE=IRS510Q12PC
U 3429000 0 254000 0 2 0 Description=Isolated DC/DC Converters 5V/10A 9-36Vin 1/16 brick +Log BP
U 3429000 -254000 254000 0 2 0 Datasheet Link=https://www.mouser.ph/ProductDetail/Murata-Power-Solutions/IRS-5-10-Q12P-C?qs=PqoDHHvF64%2FRMwDquUqfvQ%3D%3D
U 3429000 -508000 254000 0 2 0 Height=
U 3429000 -762000 254000 0 2 0 Mouser Part Number=580-IRS-5/10-Q12P-C
U 3429000 -1016000 254000 0 2 0 Mouser Price/Stock=https://www.mouser.co.uk/ProductDetail/Murata-Power-Solutions/IRS-5-10-Q12P-C?qs=PqoDHHvF64%2FRMwDquUqfvQ%3D%3D
U 3429000 -1270000 254000 0 2 0 Manufacturer_Name=Murata Electronics
U 3429000 -1524000 254000 0 2 0 Manufacturer_Part_Number=IRS-5/10-Q12P-C
U 0 0 254000 0 1 0 FORWARD_PCB=1
l 5 508000 254000 3302000 254000 3302000 -1270000 508000 -1270000 508000 254000
|GRPHSTL -1 -1 -1 1
P 1 0 0 508000 0 0 2 0
L 584200 0 228600 0 2 0 1 0 +VIN
A 355600 50800 203200 0 9 3 #=1
A 0 0 9 0 3 0 PINTYPE=BI
P 2 0 -254000 508000 -254000 0 2 0
L 584200 -254000 228600 0 2 0 1 0 REM_ON/OFF
A 355600 -203200 203200 0 9 3 #=2
A 0 0 9 0 3 0 PINTYPE=BI
P 3 0 -508000 508000 -508000 0 2 0
L 584200 -508000 228600 0 2 0 1 0 -VIN
A 355600 -457200 203200 0 9 3 #=3
A 0 0 9 0 3 0 PINTYPE=BI
P 4 3810000 -1016000 3302000 -1016000 0 3 0
L 3225800 -1016000 228600 0 8 0 1 0 -VOUT
A 3454400 -965200 203200 0 3 3 #=4
A 0 0 9 0 3 0 PINTYPE=BI
P 5 3810000 -762000 3302000 -762000 0 3 0
L 3225800 -762000 228600 0 8 0 1 0 -SENSE
A 3454400 -711200 203200 0 3 3 #=5
A 0 0 9 0 3 0 PINTYPE=BI
P 6 3810000 -508000 3302000 -508000 0 3 0
L 3225800 -508000 228600 0 8 0 1 0 TRIM
A 3454400 -457200 203200 0 3 3 #=6
A 0 0 9 0 3 0 PINTYPE=BI
P 7 3810000 -254000 3302000 -254000 0 3 0
L 3225800 -254000 228600 0 8 0 1 0 +SENSE
A 3454400 -203200 203200 0 3 3 #=7
A 0 0 9 0 3 0 PINTYPE=BI
P 8 3810000 0 3302000 0 0 3 0
L 3225800 0 228600 0 8 0 1 0 +VOUT
A 3454400 50800 203200 0 3 3 #=8
A 0 0 9 0 3 0 PINTYPE=BI
E
