V 54
K 1
D 0 -1524000 3810000 0
Y 1
U 3429000 762000 254000 0 2 3 REFDES=PS?
U 3429000 508000 254000 0 2 3 DEVICE=E48SC12030NRFH
U 3429000 254000 254000 0 2 0 PKG_TYPE=E48SC12030NRFH
U 3429000 0 254000 0 2 0 Description=Isolated DC/DC Converters - Through Hole DC/DC Converter, 1/8 Brick, 12Vout, 30A
U 3429000 -254000 254000 0 2 0 Datasheet Link=https://filecenter.deltaww.com/products/download/01/0102/datasheet/DS_E48SC12030.pdf
U 3429000 -508000 254000 0 2 0 Height=13.2
U 3429000 -762000 254000 0 2 0 Mouser Part Number=
U 3429000 -1016000 254000 0 2 0 Mouser Price/Stock=
U 3429000 -1270000 254000 0 2 0 Manufacturer_Name=Delta Electronics
U 3429000 -1524000 254000 0 2 0 Manufacturer_Part_Number=E48SC12030NRFH
U 0 0 254000 0 1 0 FORWARD_PCB=1
l 5 508000 254000 3302000 254000 3302000 -1778000 508000 -1778000 508000 254000
|GRPHSTL -1 -1 -1 1
P 1 0 0 508000 0 0 2 0
L 584200 0 228600 0 2 0 1 0 VIN(+)
A 355600 50800 203200 0 9 3 #=1
A 0 0 9 0 3 0 PINTYPE=BI
P 2 0 -254000 508000 -254000 0 2 0
L 584200 -254000 228600 0 2 0 1 0 ON/OFF
A 355600 -203200 203200 0 9 3 #=2
A 0 0 9 0 3 0 PINTYPE=BI
P 3 0 -508000 508000 -508000 0 2 0
L 584200 -508000 228600 0 2 0 1 0 VIN(-)
A 355600 -457200 203200 0 9 3 #=3
A 0 0 9 0 3 0 PINTYPE=BI
P 4 0 -762000 508000 -762000 0 2 0
L 584200 -762000 228600 0 2 0 1 0 VOUT(-)
A 355600 -711200 203200 0 9 3 #=4
A 0 0 9 0 3 0 PINTYPE=BI
P 5 0 -1016000 508000 -1016000 0 2 0
L 584200 -1016000 228600 0 2 0 1 0 TRIM
A 355600 -965200 203200 0 9 3 #=5
A 0 0 9 0 3 0 PINTYPE=BI
P 6 0 -1270000 508000 -1270000 0 2 0
L 584200 -1270000 228600 0 2 0 1 0 VOUT(+)
A 355600 -1219200 203200 0 9 3 #=6
A 0 0 9 0 3 0 PINTYPE=BI
P 7 0 -1524000 508000 -1524000 0 2 0
L 584200 -1524000 228600 0 2 0 1 0 C2
A 355600 -1473200 203200 0 9 3 #=7
A 0 0 9 0 3 0 PINTYPE=BI
P 8 3810000 0 3302000 0 0 3 0
L 3225800 0 228600 0 8 0 1 0 SIG_GND
A 3454400 50800 203200 0 3 3 #=8
A 0 0 9 0 3 0 PINTYPE=BI
P 9 3810000 -254000 3302000 -254000 0 3 0
L 3225800 -254000 228600 0 8 0 1 0 DATA
A 3454400 -203200 203200 0 3 3 #=9
A 0 0 9 0 3 0 PINTYPE=BI
P 10 3810000 -508000 3302000 -508000 0 3 0
L 3225800 -508000 228600 0 8 0 1 0 SMBALERT
A 3454400 -457200 203200 0 3 3 #=10
A 0 0 9 0 3 0 PINTYPE=BI
P 11 3810000 -762000 3302000 -762000 0 3 0
L 3225800 -762000 228600 0 8 0 1 0 CLOCK
A 3454400 -711200 203200 0 3 3 #=11
A 0 0 9 0 3 0 PINTYPE=BI
P 12 3810000 -1016000 3302000 -1016000 0 3 0
L 3225800 -1016000 228600 0 8 0 1 0 ADDR1
A 3454400 -965200 203200 0 3 3 #=12
A 0 0 9 0 3 0 PINTYPE=BI
P 13 3810000 -1270000 3302000 -1270000 0 3 0
L 3225800 -1270000 228600 0 8 0 1 0 ADDR0
A 3454400 -1219200 203200 0 3 3 #=13
A 0 0 9 0 3 0 PINTYPE=BI
E
